200 45 24
300 42 21
100 10 5
225 35 14
320 22 31
140 50 9
400 10 5
335 35 14
355 22 31
180 50 9

200 45 24
300 42 21
100 10 5
225 35 14
320 22 31
140 50 9
400 10 5
335 35 14
355 22 31
180 50 9

200 45 24
300 42 21
100 10 5
225 35 14
320 22 31
140 50 9
400 10 5
335 35 14
355 22 31
180 50 9

300 45 24
400 42 21
200 10 5
325 35 14
420 22 31
240 50 9
502 10 5
435 35 14
455 22 31
280 50 9

300 45 24
400 42 21
200 10 5
325 35 14
420 22 31
240 50 9
502 10 30
435 35 14
455 22 31
280 50 9

300 45 24
400 42 21
200 10 5
325 35 14
420 22 31
240 50 9
500 10 5
435 35 14
455 22 31
280 50 9

100 45
200 42 
100 10 
225 35 
220 22
40 50
300 10 
235 35
255 22
80 50

100 45
200 42 
100 10 
225 35 
220 22
40 50
300 10 
235 35
255 22
80 50

100 45
200 42 
100 10 
225 35 
220 22
40 50
300 10 
235 35
255 22
80 50

100 45
200 42 
100 10 
225 35 
220 22
40 50
300 10 
235 35
255 22
80 50